10001111
10100001
00000000
00000000
10001111
10100010
00000000
00000100
10001111
10100011
00000000
00001000
10001111
10100000
00000000
00000000
10001111
10100101
00000000
00000000
10001111
10100110
00000000
00001100
10001111
10100111
00000000
00000000
00010100
00100000
00000000
01010010
00000000
01000011
00100000
00101011
00010100
10000000
00000000
00001100
00010100
01100000
00000000
00100100
00000000
00100110
00001000
00100101
00001000
00000000
00000000
00000111
00000000
10100010
00101000
00100101
00000000
01000000
00010000
00100100
00000000
01000011
00010000
00100101
00000000
01100000
00011000
00100100
00000000
01100101
00011000
00100101
00001000
00000000
00000000
00000111
00000000
01000011
00010000
00100010
00001000
00000000
00000000
00000111
00000000
11100010
00111000
00100101
10101111
10100111
00000000
00010000