10001111
10100001
00000000
00000000
10001111
10100010
00000000
00000001
10001111
10100011
00000000
00000010
10001111
10100101
00000000
00000000
10001111
10100110
00000000
00000011
10001111
10100111
00000000
00000100
10001111
10100000
00000000
00000000
00010100
00100000
00000000
00001110
00000000
01000011
00100000
00101011
00010100
10000000
00000000
00000011
00010100
01100000
00000000
00001001
00000000
00100110
00001000
00100101
00001011
11111111
11111111
11111010
00000000
10100000
00101000
00100100	
00000000
10100010
00101000
00100101
00000000
01000000
00010000
00100100
00000000
01000011
00010000
00100101
00000000
01100000
00011000
00100100
00000000
01100101
00011000
00100101
00001011
11111111
11111111
11110011
00000000
01000011
00010000
00100010
00001011
11111111
11111111
11110001
00000000
11100010
00111000
00100101
10101111
10100111
00000000
00000100
00010000
11100111
11111111
11111111
	